NaN NaN NaN 
-2.666895709728424E55 -6.800839336637274E55 -8.353008846051306E55 
-5.0443183078786744E35 -8.237996965967208E51 -1.8636106750191464E52 
8.51142861676367E55 -4.357738877924205E56 -1.1965413050875862E57 
-6.022285949810041E55 -1.388793096066592E56 -1.3186283154203831E56 
-1.53183539601907E54 -4.1287313407808844E54 -4.329308895851987E55 
-1.6741880430341231E56 -1.953912600784217E56 -1.6562507923602506E57 
-1.1355659482590103E57 -1.5667056940978226E56 -2.3624110261938785E57 
-2.288663710042327E56 -1.062797873952631E56 -5.451286073726239E56 
-4.0344055966107634E54 -4.554631253985138E53 -1.250283208407891E55 
-1.903073966138802E54 -1.0825451284639674E53 -4.5758020003389464E54 
-2.8665855453651283E53 1.2160398035194939E53 -3.4282169424204217E53 
-7.755279641002998E54 -7.568323698721998E53 -1.275400798863842E55 
2.1886636656069192E51 -2.5448426225992772E51 -1.759767274294961E51 
1.7261085065133677E51 -2.3608837351181526E51 -2.756762872146817E51 
1.7594167045870575E51 -4.4550568907659406E51 -4.7162397607165854E51 
2.634495440780672E54 -1.9022633150615092E55 -2.646578763877571E55 
-2.21088089969509E55 -1.8658570957276904E55 -3.960236276018294E55 
1.2087026635905518E56 1.2938738773735609E56 -1.36156178031791E57 
-4.3233813768913424E54 -2.1577819450569338E54 -2.572209754249624E55 
-1.3645100772955545E54 -1.175483831591322E54 -9.067353210494902E54 
-2.089650348938684E53 -1.6984696320615864E53 -4.040867532912561E53 
-1.9520602692622759E55 7.200583066667234E54 -1.7889840573824966E55 
-6.678078885367568E51 -1.115703886424056E51 -4.710740908425335E51 
-1.0754425952754988E53 -3.5867440997953624E51 -6.395502013231412E52 
6.125195899378616E56 -6.92917606985768E56 -4.774930828173022E56 
5.3481974744775476E56 -1.1889815455197432E57 -1.169437706071815E57 
-8.989128118727498E54 -3.1686240351351535E55 -3.1686704452668864E55 
4.524793015543966E56 -2.9725056508030053E56 -1.2332616687372761E57 
5.525837483187363E54 -4.017936145186122E56 -1.1318433505197904E57 
-6.349876174408309E55 -2.416322593499802E56 -1.0583451087055986E57 
-1.8320587078957795E56 -4.2598915580956E55 -2.826856846967385E56 
-1.2361438584539951E56 1.1883173913536593E56 -1.373345226238384E56 
-1.3846883630641043E54 3.821526870721022E53 -1.888118065083109E54 
-2.1289591881996546E54 3.646668122403064E53 -2.1960199900180725E54 
-3.0622649198968658E56 9.821795720991212E55 -2.1245920992324632E56 
1.01991087413078E51 -2.871174686742687E51 -9.567125266672687E50 
-6.761335929569672E50 -5.764776667187606E51 -3.662949023462842E51 
-5.819930037086543E40 -9.504667045451155E56 -5.1975425201844894E56 
-1.639837898919538E56 -5.785062852275242E56 -1.1818146959482097E57 
-2.1660977475651636E56 -1.74301327557171E56 -1.1961288734928226E57 
-9.982659846138004E56 8.507129836627965E56 -5.953493795437957E56 
-8.175676597149737E55 -6.323273484735844E55 -1.8065170369263214E56 
-7.892748930956534E55 1.62612681986877E56 -9.542671021157E55 
-1.720570961896646E55 2.384421108946396E54 -1.0947539827170933E55 
-2.994036486943108E56 1.3406779683502532E56 -2.252331120229602E56 
2.7674507797297444E56 -7.109109029925893E56 -6.487055565346997E56 
2.3451470191694585E55 -1.9869984616584627E55 -3.3575167201750065E54 
-6.377602584508795E56 -1.0176486164927792E57 -8.10841117227506E56 
-4.765629068468383E56 -8.228051935744758E56 -9.296944334842676E56 
-4.752339160922322E56 -1.8905943069766217E56 -7.350144330396353E56 
-1.3600305342700473E57 7.193386132842567E56 -4.7496629241889515E56 
-8.970235544505138E56 2.1505397144121705E56 -5.401366495385559E56 
-2.1935762662428113E56 4.289763093163462E56 0.0 
-7.429180565217049E55 4.776246736248563E55 5.909836084740829E54 
3.1820666571551004E56 -1.086443320385744E57 -5.468577119009508E56 
2.704855749262632E56 -1.4423590062184416E56 0.0 
-3.3610376056018148E56 -1.0883498722843954E57 -3.8379494352854656E56 
-2.0769090225919137E55 -3.0348124917406113E56 -7.092178102759061E56 
-5.3552945209010465E56 -2.5583552728566274E56 -2.922448900188059E56 
-7.578522492293908E56 1.7746680509227779E56 -5.334775165445478E56 
-2.6183191318654803E56 5.005771561181849E55 -4.14601404417055E55 
-2.5693279914098323E57 -5.391862751675685E56 -9.514875748273397E56 
5.21829368896554E56 -1.852820647088202E57 1.0583962650203339E57 
-1.3263243939093202E56 -7.911988942079964E56 -2.7036275588462453E56 
-2.1683229491610864E56 -7.037575666208911E56 -3.6755039702167275E56 
-6.056335484481027E56 -7.079014143965165E56 -1.0743658893460724E56 
-8.204931823570848E56 -1.6172964239645143E56 -6.413568806691864E56 
-9.379692564923903E56 -1.4632941948585427E56 -2.9264194285270054E56 
-3.370194181539585E56 5.394628172780658E55 -1.560186380784293E56 
-1.9468942170100644E56 -1.0673313718541026E57 -3.650476377739898E56 
-4.442139845015225E56 -8.317306330143401E56 -3.048924147320792E56 
-2.433743330919947E56 -5.651087147568905E56 1.3451654602535135E56 
-2.379874028624154E56 -1.538659750646767E55 -2.866111573592233E55 
-8.945842172627505E56 1.970488276914325E56 9.650831223520924E56 
-1.798248193740726E57 -2.8377730839354616E56 -2.17305647352054E56 
-2.754660957675861E56 -1.4252580412908673E57 -1.1899339363009763E54 
-3.8889202238097075E56 -4.06764388952791E56 -5.643888211015807E56 
-1.5123207965090309E57 -9.338966264957562E56 1.1262604565819382E57 
-2.595074513432978E56 -1.117224276379156E56 -1.9817122080692146E56 
-1.4403274483507987E57 -7.4224443620791915E56 -1.8835132310303879E56 
-2.764169689565819E56 -7.237406598787422E56 1.439454961960984E56 
-1.4489251295289022E56 -2.6998146705142374E56 3.800452951553283E55 
-2.884711907243856E56 -1.5394453806713454E56 2.0875895018921974E56 
-3.634915106467169E56 -9.438736505462521E55 -1.2570475074575911E56 
-1.4349079816791415E52 -3.389127427398405E52 -1.2847415819053298E50 
-2.55414631111686E56 -2.421058356751241E56 -1.415144260486578E56 
-7.704543215056723E56 -4.817807100075487E56 -4.5669574422294E55 
-1.3181847530755488E56 -2.274543788851509E56 -9.009508095491203E55 
-7.89530492055377E56 -6.4743627796931346E56 7.353465964635824E56 
-9.89478321073771E55 -1.5558827590420527E56 -4.65663623923254E54 
