NaN -0.47565255687263197 0.14742869955864993 -1.2257841435617724E28 0.5102171738143572 0.455332911605639 -0.2838968779364748 0.25386051108787944 0.9463200289783821 0.45227234681993733 0.8309155749771815 -0.3155801595295973 
-1.4574558892495904 0.7620862389901856 0.5174545430886617 -1.053408227099286E28 0.24970055565919133 0.5075404543207171 -0.12795917962082717 0.04478856355776378 1.0158407819924162 0.9278003513080899 0.4675357456299511 -0.5045480995986696 
-1.2649731487647429 1.0 0.4623159490259644 -1.4274346918789077E26 0.03476123288654487 0.4522440270284176 0.8315869359745875 0.36063173736041704 0.9967654913419631 0.5408502885399395 0.4930181782242051 -0.6276335305451004 
-1.2262077974000096 1.1227970610124518 0.27215969618760905 -3.57248626309317E28 0.3321798832579016 0.5337807439434175 0.20391129865049512 0.023188661647945613 0.8579948836854806 0.627523145505136 0.3024188937195179 -0.09020995758615213 
-1.5437864322062096 0.7395197926660037 0.41873939063224686 -1.4168759090868504E28 0.33209221125121846 0.44435736301027795 0.7668702589886058 0.19540400346155712 0.9882396492502084 0.44670599284942386 0.3786502920641964 -0.12067288431546938 
-1.0645345400934896 0.7738246477244215 0.27730359961845374 -6.596702608879431E27 0.265373371920907 0.6512094529025454 -0.26489295415039843 0.32433116384982275 1.044327830475098 0.680648927145413 0.32648625375685686 -0.5932849894920522 
-1.0981177115453913 0.5489861234179415 0.6984613110964184 -4.094042718472301E28 0.19525473936353066 0.4977468909974384 0.562865502428219 0.1366837888740684 0.8739356049464944 0.4393167557523975 0.32405468735995613 -0.1488997001038168 
-1.2876027632355709 0.08728147368469419 0.47064157599511197 -5.124296158754209E28 0.2346445510595478 0.44773142051533166 0.3788270329672686 0.37460969150488516 0.8875686801375259 0.7552573271713905 0.811741766471216 0.0 
-1.2759929970461532 0.27676633601282874 0.4787994668085408 -2.4509180553034736E28 0.2718931291488765 0.4760970449531215 0.7820467365388051 0.41681438265156456 1.0917569732534125 0.8392318247814599 0.5425307857842584 -0.47824265830119816 
-1.1998902652461187 0.07156799310891898 0.2673009384773035 -3.625675053050179E27 0.32143111689786014 0.41311469662376876 0.11542156990712382 0.12451793902676365 0.9172483320006755 0.9148846554783092 0.3830491428113672 -0.4158232255213843 
-1.251280416109786 0.03617451285001616 0.42029605711190265 -2.2264213522919556E27 0.2169461771455092 0.5162639917923263 0.2231468696234601 0.3400647906572253 1.011227105239768 0.527268019866188 0.4738598115903516 -0.4765759418666614 
-1.4694319865993486 -0.2554137375208877 0.38389466921501053 -6.805349444515592E26 0.4076410878518546 0.5346556475269472 -0.40566704161754197 0.471641361079777 1.0143931110079616 0.6873141095911931 0.583469974175738 0.19219376978283348 
-1.3491449053816402 0.06193117548814109 0.2715607669734843 -3.86600119661357E27 0.2531875127272523 0.5111493903866613 0.34800379377816704 0.5297281656996912 0.9214827754749998 0.6816129109066376 0.6075132495851019 -0.34478096436590266 
-1.6925887407855857 1.4521868048518884 0.3385856061151513 -6.156206883743621E25 0.11299954007735707 0.6157049998659415 0.24782637308503203 0.09609949937666065 0.9309762549945859 0.7201418538139025 0.45037162839727657 0.4633840303389497 
-1.5188002010636108 1.4019065330199607 0.336858289683932 -6.339617522312512E25 0.28270471670638053 0.5176879225529254 0.0876466167266684 0.2562299748064207 1.0622946921323022 0.9056138565003546 0.5257314100590835 -0.5640008650013688 
-1.5049324410858744 1.239448222480379 -0.13447343151230418 -8.198812718293912E25 0.38149443431425856 0.4456016898910234 -0.3327540040471503 -0.02364809968105122 1.0318951742058826 0.7149099688569156 0.73578087706604 0.11786207251512454 
-1.3996168730871492 1.0876098889950017 0.3943991463443687 -5.718323267622428E27 0.05161108812769585 0.45869324610316103 -0.19651221151425316 0.6122790360752353 0.8920510743480179 0.7902132016144474 0.27156175388966897 -1.6917571336927113 
-1.4016502605995558 0.44624947773957346 0.40706008132700533 -7.003123886092955E27 0.16679726782690152 0.4746243137475027 -0.11561712104312352 0.05083735054669691 1.23100959080318 0.6870937832510001 0.5372479472421637 -0.08671131244859098 
-0.917674167440305 0.5216579824345267 0.25040035726437976 -3.7054369407399786E28 0.028488865886836995 0.6141186757707509 0.44073791467546936 0.07821873397656118 0.9835075934894569 0.7658854735949773 0.3924925693477945 -0.6661974797072746 
-1.1182124700377494 0.29470661748465793 0.21543771335376122 -5.115858385420726E27 0.14485037028163092 0.44792555023103037 -0.25192355088860224 0.32119253676339243 1.1559007630060203 0.5386340573664632 0.43645432225938197 -0.6691575944753451 
-1.1248247233480217 0.4527099559210133 0.1880911815866021 -3.0404748370507286E27 0.14799910944507327 0.5905699986778563 0.6222246384972002 0.3443682031212432 0.8901776967282844 0.7974759074122602 0.5407683654606397 -0.45286234101126843 
-1.3742182014768383 0.434491569332632 0.40887986973280943 -6.968449733329488E26 0.3151913909051351 0.47638263479531906 0.5929592435059908 0.052574904519146176 1.028673085862559 0.6087169899344235 0.4958820293168196 -0.2918206609255872 
-1.5478904358133025 -0.22497280163698846 0.35945994303783213 -5.238311856913467E27 0.2597413404238649 0.5423583545658723 0.20750996268801145 0.1444776598187883 0.8304281705083878 0.6376201276696934 0.4231577300988377 0.3027431115583691 
-1.6130148406226288 0.10538647200414286 0.34922694260531406 -9.081953780786474E25 0.052288448956565925 0.538092418320465 0.08619155135991821 -0.0321984444237651 1.0 0.5255481504150541 0.5314796012065915 -0.5500176809311055 
-1.6586072283787154 0.021224249185328836 0.41108261263414103 -3.5380133595383554E26 0.4266000944821789 0.48100424948935033 0.43736256320765166 0.274611520213777 1.0711618595875856 0.5226526012044637 0.4373401532849492 -0.8831392873426983 
-1.6965843439274344 1.4608419289810346 0.4213567563453566 -3.226180481032906E28 0.29250228869930045 0.4778262711952331 -0.005263917062319434 0.013216189994287086 0.8284741782615405 0.6355773324420743 0.4902029804591913 0.30037370612774794 
-1.5345341105494383 1.269098337293241 -0.06902360654646467 -4.184936234951912E28 0.15127880788210538 0.4332034245679709 0.4686386524677061 0.34950883314916237 0.9885176096139228 0.713384754982133 0.4969339729328036 -0.5405567872758724 
-1.512311873650035 0.8240199208388466 0.5720866179740363 -6.760484582617978E27 0.2470155358917052 0.5741754689203109 0.18286005037066827 0.356287295585807 0.8417013302121668 0.5081770522396598 0.39004276892885403 0.44909499279993265 
-1.2633414921107362 1.6299732488474752 0.38068505604937986 -3.669958066092893E28 0.36883201688304085 0.6251398327802038 0.3759435955448695 0.10799985152728606 0.9994129445076655 0.19757110821777757 0.5664622745946979 -0.37805137919763143 
-1.2171787343213378 1.0087548320981354 0.5029433357370827 -3.4656269853194404E28 0.07846687698693317 0.35419450997861357 0.9985074569420924 0.3032926608946841 0.9017888773409777 0.788056406383808 0.4205751714360711 -0.23496253798699507 
-1.147580791685371 0.8364011521128233 0.6185581134822198 -3.2976263537605366E28 0.23840143117883172 0.7756382043087496 0.2951543696691344 -0.035317504958073315 0.9081221364049504 0.7188878204285818 0.2636781579100471 0.27676591577042564 
-1.3737663802124764 0.14544206954986846 0.28850166525114485 -1.8426724808228227E28 0.3424940904519427 0.36007603480809725 -0.03718644527523374 0.4364898497296834 0.8875500647604896 0.548651992897215 0.46993562919880255 -0.3011083000018373 
-1.5700854229292487 -0.4874432614242663 0.6124103133602201 -1.4821833679567646E28 0.2890115427718746 0.5678573752067537 0.788723656491818 0.09384778039520805 0.9377578993589467 0.5888239830885281 0.6112789167259716 -0.39197213996153685 
-1.4140376640144412 -0.17142984481900914 0.31676704007041684 -1.5402672855817644E27 0.062317138839635744 0.46701458492673703 0.20792232364298885 0.5243688229253571 0.9529565849612577 0.7477393268043352 0.45523116059292323 -0.07081083685491213 
-1.494730755568246 -0.10799774795600459 0.20570853241356885 -1.7550646953138954E27 0.325408402812934 0.43310974127970603 -0.09649721152053387 -0.05931831141851962 0.8267817407363974 0.8314526660437768 0.47805476955374476 0.23615150550081931 
-1.6283258264081737 -0.19758813936087094 -0.09703031413513319 -1.963250544496921E28 0.17915613779771244 0.5424285259768883 0.9821772262371515 0.44230047496746827 1.0574983876179842 0.7488636001986552 0.6067541083594511 0.310081909292325 
-1.806313155035829 1.2172919119095142 0.38184286778235044 -5.651205669499734E25 0.1850750240149905 0.5307551964362918 0.1807950038535186 0.1476380580825403 0.923922236408582 0.4086159516667816 0.5298928743460731 0.5847775252741763 
-1.6416106996689999 0.9256723331322811 0.4852903686470791 -8.284596611622453E25 0.24970130453865647 0.4495608650173595 -0.38306940871576 0.17116029497970936 0.8606412712095962 0.7295829886698203 0.5623008967999108 -0.7559122787894339 
-1.6814260998294361 1.0 0.3914228429756222 -3.291347081269317E28 0.2755241256828766 0.5095416387214503 1.0168629366283841 0.2468313263708527 0.9348849879476817 0.7440091311556036 0.5512604538634456 0.0 
-1.2996295852581952 0.8241561290652881 0.12333842003388013 -3.6414128521334323E28 0.07535403410858843 0.3696711898339197 0.2896422682124562 0.36338892476088236 0.9918684098110866 0.5790465347696685 0.43503315233596435 0.2073623733879969 
-1.1453950971325766 0.4313655745055446 0.12946161668527206 -3.5043069295255536E28 0.009739391262886699 0.5387750113050858 0.46522988491284667 0.3916362116446418 1.007237223989385 0.5780269945723571 0.3132123714654061 0.38661738840491827 
-1.728732169264453 -0.4493036364434825 0.2836904418540439 -3.795231061595263E28 0.33800450869417287 0.5655131976166147 0.6107903086937726 0.3130161924011761 1.1339220365885052 0.6037455352538721 0.41638462223299233 -0.6830655488668443 
-1.3308356052361354 0.41910295945153136 0.33480995819681425 -1.4426668764568281E28 0.2746081038312698 0.4401206142318371 0.46018801268654036 0.3033411761414926 0.9553421190382099 0.5765174758889278 0.5239540131321463 0.0 
-1.6907658446452754 -0.7123267316685213 0.24910623845939822 -1.429679547617082E28 0.23403865524205295 0.5636583220211911 0.0 0.39330250611083795 0.865386105611217 0.6773496131367587 0.36305708065402537 0.09525977838145405 
-1.641986711511871 -0.08766638764786422 0.5811753253225797 -4.5312451851443015E27 0.35613631259859674 0.5470024671495671 0.5010547816224098 0.4369467414466794 0.9669178831167399 0.8096689371317091 0.4638387866191075 0.4136526859659918 
-1.6169690162530437 -0.2680223681580323 0.455584098091405 -1.994813213267174E28 0.2728237375215059 0.5291146408966612 0.2588898016167869 0.35946111912616635 1.0609621067504644 0.5759954617551711 0.49854030682387973 0.46789506426939226 
-1.5513793815779355 1.2363342870703127 0.328924547868668 -3.1644897618163144E28 0.24507692040589985 0.4182360512324368 -0.11268147208406698 0.2048066038119332 0.9357441343348187 0.8725904219142699 0.359121592831721 -0.31835888307331506 
-1.9307351722963202 1.5525114231681676 0.20248771942668936 -5.560596246439514E27 0.21426107444433007 0.5579585918148937 -0.4613554634689087 0.2912003959210543 0.8621898030865613 0.8344915088592745 0.48059525361065775 0.18741889052973723 
-1.6219411920966207 0.6436070339522859 0.2569021662457786 -3.8066680653995053E28 0.29210962215557007 0.2873919448305985 0.5517540442479092 0.3667234109107247 0.9980289742077074 0.6461743876063172 0.4958008608767356 -0.3559855159371437 
-1.5071623380770032 0.6657875884440403 0.32370017976460497 -3.646685745318824E28 0.0824904413745661 0.45163221291875727 1.3658006241837712 0.20272651820876894 1.0491586258761545 0.3814627986395386 0.6387218915733459 -0.4946898471201163 
-1.3870234147270195 0.24104274603575854 0.2884068890405297 -2.9924128961618788E28 0.24320431297476636 0.48831240154655403 0.13039319063051238 0.39500946828826006 0.9778882453256469 0.3095191973328089 0.5864759973997472 0.4680680905831994 
-1.8093776106613328 -0.3097219019052849 0.30165419732568854 -4.012722018812388E28 0.266362238451574 0.45626044908177965 0.21634592113770554 0.14553540581662527 0.8248424785943698 0.5578338063482379 0.5450493792648522 0.10248639010637425 
-1.6627651422325862 -0.14979711296026132 0.28364591412037693 -3.2694750490533424E28 0.2860946920690398 0.4774202516920016 -0.1833780308913778 0.10046731394815983 0.9420792728584956 0.7906818185172242 0.4415771520506216 0.6314571230983241 
0.0 1.3009221563287918 0.17582556497808302 -2.1950113310012323E28 0.3980075055564912 0.5863131099360621 0.3030862282661316 0.04237661797703787 0.8453580112259215 0.6049793534779792 0.4504534982764201 -0.8306344057238505 
-2.0425350262876294 -0.36374565123501507 0.13057826582785972 -9.408405158833215E27 0.332185423536398 0.5413139091625847 0.12136086630382226 0.26135706436566886 0.9599978870264539 0.9054664773548153 0.6347229501503451 0.08228574075380811 
-1.7135216868114203 1.1813855180039439 0.2536662107019928 -3.545766727029742E28 0.12679717684791064 0.5315264270156643 -0.052801724928708244 0.24654814185377658 0.9694909473621365 0.7083353962471164 0.6348542470793415 -0.7315891156514316 
0.0 -0.31187424160800886 0.03776278934796096 -1.7508268366623679E28 0.3986015691051197 0.5612293722875843 -0.0088877597337359 0.2633334192085309 1.0262971893589667 0.4452112588710976 0.39051035431942394 -0.47481325726977464 
-1.7931039766347858 0.8093143032666763 0.20870376612311 -3.4669666123300683E28 0.23835418187763516 0.32576367185842925 0.6453208453368298 0.05323789494687711 0.9403839280403928 0.7507571610044086 0.4720574575081651 -0.2865182170155415 
-1.257944558431521 0.956500015930736 0.2689840412339666 -2.7779503251637115E28 0.21910185483386346 0.5567243752681263 0.35884908716216324 0.17783244072035664 0.9165971823128676 0.625110884011808 0.5724137920659665 -0.20282827243440854 
-1.7087109151957565 0.28372164422685886 0.38142749923660185 -2.5720647862918134E28 0.23966541863832672 0.37864521112412247 0.5809163861423638 0.22305455773621843 0.8785277645760238 0.5961202043427654 0.38078909010772644 -0.0017793892883532503 
-1.6174840772776735 -0.14643905736328044 0.2237728711838579 -3.0718519613811864E28 0.19930173970496878 0.558766870076577 -0.08884885559713016 0.4409092448244156 1.0613709700948242 0.5747354520743505 0.5139168068929366 -0.4837798629161977 
-1.9017737853290757 -0.1202594675241912 0.2533618395201052 -1.6424948279242288E28 0.2551236948421579 0.42650429763472103 -0.004102725039232369 0.26477938729589967 0.9272527037803926 0.7098556845983036 0.41274836750482746 -0.8964170909471816 
-1.7786435549954391 0.13168689806608858 0.4516654976599359 -5.2843162500548405E28 0.2226632132995793 0.38641101723794186 -0.4805170526139998 0.1457695988974006 1.0077089095561584 0.6781784747314517 0.47492368860859 0.0 
-2.320043700125464 1.1747707850019116 0.22811375343401874 -4.686887401709708E28 0.2486987587806221 0.610605568263062 0.18324827629785903 0.2715445162083533 0.8132864889149576 0.49926628704345394 0.687822276314419 -0.2139962296919476 
-1.793062799652099 0.8942635284035696 0.26416770455922256 -2.909589943210951E28 0.24915914710172057 0.39373046499055553 0.2690633701916918 0.6577789068820555 1.0236595859663986 0.7328737250665467 0.5059786192772481 -0.8847969090259885 
-1.7052835964885413 0.8097288164330485 0.4899128737084939 -2.8688561591195857E28 0.33423106622418564 0.7700955463280942 0.4091295900146444 0.23521699965692222 1.0128985307538265 0.5349261680463328 0.46217229124819925 0.022063722445927525 
-1.9269064374505882 0.5494655057280454 0.13736323732437766 -3.062343495876983E28 0.22040592167537965 0.5735257127865443 0.001818399183163788 0.2814689236541583 1.2486191270059317 0.4815943529443254 0.4713222311944315 -0.8017909117727265 
-1.5834981561508197 0.12389753524886737 0.21991285324440843 -3.246381855372969E28 0.24659015382031824 0.45413005552602487 0.013295101768983686 0.2776147638289107 1.0404432076421153 0.7357847506312817 0.4606161630452331 0.007635493865897736 
-1.809635812726515 0.0985227410587236 0.41791530928457304 -3.15182037436137E28 0.05127289254384734 0.4618687058863991 -0.5634218903368222 0.09591584073006226 0.8571954139110843 0.6926448674765963 0.38756072155824134 -0.6567833660941231 
-1.7270447578649233 -0.10104576029305784 0.3188267937314439 -1.9372111475952703E28 0.26549658221829214 0.4998864279059447 0.5988238101634046 0.16956410915608594 0.95898127960302 0.6233402580417159 0.3208522156343458 -0.6843441763738461 
-1.79337331496277 0.8851384767657697 0.2669001755563552 -3.3833556904678542E28 0.3452612859410209 0.39073188579283813 0.5487805141351507 0.2742167633568867 0.9867689316113727 0.890560156427195 0.3273765911529666 0.01551371063018464 
-1.800905157119137 0.6877115585343586 0.300772202400591 -3.1479994563391075E28 0.3828799212861972 0.6588501279513165 0.5208326149230132 0.1301638669997285 0.9010558880152357 0.3863357222965054 0.4142247673972499 -0.7810259334374691 
-2.137024311004102 0.7411110439000741 -0.0630353124329408 -2.5096221089867885E28 0.33251156615284033 0.575851996909619 0.3809318221956046 0.33347717447153186 1.0869854907623722 0.6065878599243194 0.4705715311955423 -0.08198550300560145 
-1.9238560242452203 0.04110216720674359 0.39634314571627843 -1.5498398486944616E28 0.2575529239969127 0.6209126040573258 0.5359658636038959 0.5111076828798468 0.9581546914491536 0.8092640733627623 0.589799218934928 -0.143099135648268 
-2.516597488299091 -0.1380233084917079 0.2566345531690227 -3.647738116813061E28 0.06530305328647087 0.5850593289727517 -0.31466171795160447 0.5205440853002943 1.0243028092882536 0.6197266147746939 0.40323381982993534 0.0 
-1.924367221548402 0.09964175336355774 0.3309261686151796 -4.28185143921886E28 0.3376969661284797 0.47546587834740695 0.36139084959060164 0.15652377148267377 0.9764703027807925 0.3952455013930376 0.5737487510187081 0.12566042787682377 
-1.999478150028846 0.87845624142296 0.1064349464654531 -3.8100324904449323E28 0.2596883264438803 0.35780849400339665 0.13820254008628388 0.0 1.1988587451481256 0.7714068944581908 0.36994928896410806 -0.5460202727597636 
-1.4990777498710637 0.5142976148291051 0.19886429969993585 -2.823141080599605E28 0.17270231367888056 0.5009186052273781 0.011997361202648243 0.4191234975622712 1.045774880987173 0.5174188630743115 0.6867316747196459 0.7477769554459373 
-2.359556943680578 0.35218207843669375 0.1169648416961298 -4.587177239817242E28 0.3364386129998799 0.481168969716776 0.14844914467319373 0.4597991102430535 1.070386996861621 0.7744000611359485 0.36821384418985537 0.1897903657335839 
-1.6106002178048762 0.25880789410903754 0.33466254197442574 -1.8577017114117566E28 0.27318115363122497 0.4640330564932475 -0.4315039202866664 0.31818802795253837 1.202826613359811 0.7987107160778893 0.39755165158307637 -0.5633449778905725 
-1.9263283289588875 0.3029269439870853 0.4069323163968848 -4.038862077474948E28 0.24816294978906167 0.26190691336587024 0.4484152470145286 0.3622555773576948 0.9592510138595374 0.5130757072129752 0.5009764100860011 -0.6948977631514291 
-2.1169508472183205 0.7677414785153687 0.48897439098576434 -2.8071147701520835E28 0.4591234529530065 0.5591828807209898 0.3851942513623249 0.29374802068970557 0.879319921400323 0.7406553755347952 0.598868599647228 0.0 
-2.078561120612711 0.6864291365541368 0.21332093871906868 -1.7571357795168646E28 0.3813294164588477 0.3821084775650063 0.2764418296057379 0.17025801369825358 0.8284980716246124 0.8475110202626461 0.5338157873475253 -0.2588813401616171 
-2.3617353858578145 0.31207669451077885 0.32994313094704997 -1.9696107599596544E28 0.6004797218344733 0.27979007498032554 0.2611367771189512 0.5059104980398859 0.8146588704771858 0.31997285530697084 0.38857699110498234 -0.5187335637567951 
-1.794370198693997 0.1617381574563341 0.11725982477771899 -1.9900406595406824E28 0.3279552623403099 0.6601747354192696 0.2508760174591295 -0.0027267784165937448 1.1951373869428816 0.826945558095674 0.5270611042585623 -0.12179001930586139 
-1.99777770197544 0.7450321896366593 0.23458627517298103 -1.918435678642829E26 0.1677767493988184 0.6242463551482196 -0.06854894952831814 0.05618322965902699 0.9991649759384091 0.7022827622991971 0.28669695072925183 0.18388573981415024 
-1.7566026581178993 0.48297432404297164 0.3620214651716692 -1.9475954472709317E28 0.31349882280079977 0.6547885176979784 0.9026272575130774 0.3468846931322276 1.142772666961961 0.5611334141879067 0.49974710669230255 0.2161074707715937 
-1.9680311226869978 0.35576196891980405 0.5449888764986242 -3.016345759278148E28 0.06448893815621776 0.5032339566441039 -0.0024897282050739405 0.3661806458858844 1.17262683523416 0.6847168430266216 0.4229578136122144 0.032354876149678885 
-1.7898105310645858 0.6656230508704274 0.24449628624864356 -1.6670350118726719E28 0.36963075485887986 0.4902658253008417 -0.050829985348853884 0.16082161968082095 0.9352931568431562 0.6720394429198666 0.32904159362843854 0.1724156391305163 
-2.3973452593985796 0.4372519529417809 0.46135509123894686 -3.547223253393353E28 0.25544198384251793 0.5634388093750107 -0.132427904387298 0.19066745285273806 0.9834850191468262 0.40299007640590206 0.4454440879218462 0.3809276497294077 
-1.983925740084819 0.6393921610033136 0.31906305946753066 -1.3581064087645511E28 0.13151655656327585 0.5085953490837575 0.4424991374429895 0.3352325850224686 1.0640257100469661 0.7587687779760095 0.5514550662883709 -0.2583436392673273 
